object Form1: TForm1
  Left = 0
  Top = 0
  Caption = 'Form1'
  ClientHeight = 600
  ClientWidth = 408
  FormFactor.Width = 320
  FormFactor.Height = 480
  FormFactor.Devices = [Desktop]
  DesignerMasterStyle = 0
  object Label1: TLabel
    Align = Top
    Margins.Left = 4.000000000000000000
    Margins.Right = 4.000000000000000000
    Margins.Bottom = 4.000000000000000000
    Position.X = 4.000000000000000000
    Position.Y = 52.000000000000000000
    Size.Width = 400.000000000000000000
    Size.Height = 17.000000000000000000
    Size.PlatformDefault = False
    Text = 'Request:'
    TabOrder = 2
  end
  object RequestEdit: TEdit
    Touch.InteractiveGestures = [LongTap, DoubleTap]
    Align = Top
    TabOrder = 3
    Position.X = 4.000000000000000000
    Position.Y = 73.000000000000000000
    Margins.Left = 4.000000000000000000
    Margins.Right = 4.000000000000000000
    Margins.Bottom = 4.000000000000000000
    Size.Width = 400.000000000000000000
    Size.Height = 28.000000000000000000
    Size.PlatformDefault = False
  end
  object Label2: TLabel
    Align = Top
    Margins.Left = 4.000000000000000000
    Margins.Right = 4.000000000000000000
    Margins.Bottom = 4.000000000000000000
    Position.X = 4.000000000000000000
    Position.Y = 105.000000000000000000
    Size.Width = 400.000000000000000000
    Size.Height = 17.000000000000000000
    Size.PlatformDefault = False
    Text = 'Responses:'
    TabOrder = 1
  end
  object SendButton: TButton
    Align = Top
    Enabled = False
    Margins.Left = 4.000000000000000000
    Margins.Top = 4.000000000000000000
    Margins.Right = 4.000000000000000000
    Margins.Bottom = 4.000000000000000000
    Position.X = 4.000000000000000000
    Position.Y = 4.000000000000000000
    Size.Width = 400.000000000000000000
    Size.Height = 44.000000000000000000
    Size.PlatformDefault = False
    TabOrder = 4
    Text = 'Send'
    OnClick = SendButtonClick
  end
  object ResponsesMemo: TMemo
    Touch.InteractiveGestures = [Pan, LongTap, DoubleTap]
    DataDetectorTypes = []
    Align = Client
    Margins.Left = 4.000000000000000000
    Margins.Top = 4.000000000000000000
    Margins.Right = 4.000000000000000000
    Margins.Bottom = 4.000000000000000000
    Size.Width = 400.000000000000000000
    Size.Height = 466.000000000000000000
    Size.PlatformDefault = False
    TabOrder = 5
    Viewport.Width = 396.000000000000000000
    Viewport.Height = 462.000000000000000000
  end
end
